_viz_0 = nengo_gui.components.HTMLView(env)
_viz_config[_viz_0].label_visible = True
_viz_config[_viz_0].width = 0.13850415512465375
_viz_config[_viz_0].height = 0.18083182640144665
_viz_config[_viz_0].y = 0.30610518049491
_viz_config[_viz_0].x = 0.7435075104361655
_viz_1 = nengo_gui.components.XYValue(state)
_viz_config[_viz_1].index_x = 0
_viz_config[_viz_1].index_y = 1
_viz_config[_viz_1].max_value = 1
_viz_config[_viz_1].min_value = -1
_viz_config[_viz_1].height = 0.18083182640144665
_viz_config[_viz_1].label_visible = True
_viz_config[_viz_1].width = 0.13850415512465375
_viz_config[_viz_1].y = 0.4980600461295025
_viz_config[_viz_1].x = 0.15580508976763274
_viz_2 = nengo_gui.components.Value(reward)
_viz_config[_viz_2].max_value = 1
_viz_config[_viz_2].min_value = -1
_viz_config[_viz_2].legend_labels = [u'label_0']
_viz_config[_viz_2].height = 0.18083182640144665
_viz_config[_viz_2].label_visible = True
_viz_config[_viz_2].width = 0.13850415512465375
_viz_config[_viz_2].show_legend = False
_viz_config[_viz_2].y = 0.7538376760859323
_viz_config[_viz_2].x = 0.31716474801690636
_viz_3 = nengo_gui.components.Value(value)
_viz_config[_viz_3].max_value = 1.5
_viz_config[_viz_3].min_value = -1.5
_viz_config[_viz_3].legend_labels = [u'label_0']
_viz_config[_viz_3].height = 0.18083182640144665
_viz_config[_viz_3].label_visible = True
_viz_config[_viz_3].width = 0.13850415512465375
_viz_config[_viz_3].show_legend = False
_viz_config[_viz_3].y = 0.7638566267844294
_viz_config[_viz_3].x = 0.6582791532669879
_viz_ace_editor = nengo_gui.components.AceEditor()
_viz_net_graph = nengo_gui.components.NetGraph()
_viz_sim_control = nengo_gui.components.SimControl()
_viz_config[_viz_sim_control].kept_time = 4.0
_viz_config[_viz_sim_control].shown_time = 0.5
_viz_config[env].pos=(0.4959694265118104, 1.0722271316882472)
_viz_config[env].size=(0.29494106379918655, 0.05045044512354506)
_viz_config[model].pos=(-0.00848737485349714, -0.09838066066708843)
_viz_config[model].size=(1.0432331928584992, 1.0432331928584992)
_viz_config[model].expanded=True
_viz_config[model].has_layout=True
_viz_config[movement].pos=(0.8448766170487393, 0.9308130052055819)
_viz_config[movement].size=(0.075181055478224, 0.050450445123545046)
_viz_config[position].pos=(0.12604643094326723, 0.2245067734759511)
_viz_config[position].size=(0.0723440345167816, 0.05045044512354506)
_viz_config[radar].pos=(0.4877666035271752, 0.9308130052055819)
_viz_config[radar].size=(0.09397631934778002, 0.06306305640443131)
_viz_config[reward].pos=(0.36640381829205704, 0.42406743165214433)
_viz_config[reward].size=(0.027346424993232085, 0.040376746672174134)
_viz_config[state].pos=(0.3771058783570984, 0.1908731433935878)
_viz_config[state].size=(0.090430043145977, 0.06306305640443133)
_viz_config[stim_radar].pos=(0.13065659000561114, 0.9308130052055819)
_viz_config[stim_radar].size=(0.075181055478224, 0.050450445123545046)
_viz_config[value].pos=(0.49391319325690364, 0.437965664396405)
_viz_config[value].size=(0.090430043145977, 0.06306305640443133)