_viz_0 = nengo_gui.components.Value(pid)
_viz_config[_viz_0].synapse = 0.01
_viz_config[_viz_0].max_value = 1
_viz_config[_viz_0].min_value = -1
_viz_config[_viz_0].legend_labels = [u'label_0']
_viz_config[_viz_0].height = 0.1308806015960713
_viz_config[_viz_0].label_visible = True
_viz_config[_viz_0].width = 0.117975044267375
_viz_config[_viz_0].show_legend = False
_viz_config[_viz_0].y = 0.6397884873179435
_viz_config[_viz_0].x = 0.9366216640236216
_viz_1 = nengo_gui.components.HTMLView(plot)
_viz_config[_viz_1].label_visible = True
_viz_config[_viz_1].width = 0.16024203083836983
_viz_config[_viz_1].height = 0.1401091908720872
_viz_config[_viz_1].y = 0.8582557050178773
_viz_config[_viz_1].x = 0.49214411135606956
_viz_2 = nengo_gui.components.HTMLView(env)
_viz_config[_viz_2].label_visible = True
_viz_config[_viz_2].width = 0.117975044267375
_viz_config[_viz_2].height = 0.1308806015960713
_viz_config[_viz_2].y = 0.1299106405863109
_viz_config[_viz_2].x = 0.9511874765982719
_viz_3 = nengo_gui.components.Slider(desired)
_viz_config[_viz_3].label_visible = True
_viz_config[_viz_3].width = 0.0589875221336875
_viz_config[_viz_3].x = 0.1218870690732404
_viz_config[_viz_3].y = 0.7787815372009128
_viz_config[_viz_3].max_value = 1.5
_viz_config[_viz_3].min_value = -1.5
_viz_config[_viz_3].height = 0.1308806015960713
_viz_ace_editor = nengo_gui.components.AceEditor()
_viz_net_graph = nengo_gui.components.NetGraph()
_viz_sim_control = nengo_gui.components.SimControl()
_viz_config[_viz_sim_control].kept_time = 4.0
_viz_config[_viz_sim_control].shown_time = 0.5
_viz_config[desired].pos=(0.11862844512496427, 0.4094824704775455)
_viz_config[desired].size=(0.1, 0.1)
_viz_config[env].pos=(0.5914034462486546, 0.009723959824683008)
_viz_config[env].size=(0.2015147678516704, 0.1279881890730507)
_viz_config[model].pos=(0.05701697300327091, 0.12679732774292363)
_viz_config[model].size=(0.8442598538023349, 0.8442598538023349)
_viz_config[model].expanded=True
_viz_config[model].has_layout=True
_viz_config[pid].pos=(0.12010111123199506, 0.024697796272946018)
_viz_config[pid].size=(0.1, 0.1)
_viz_config[plot].pos=(0.3757522740282105, 0.5471033830082114)
_viz_config[plot].size=(0.1, 0.1)
_viz_config[state].pos=(0.6728819935028761, 0.4697059959941903)
_viz_config[state].size=(0.1, 0.1)